%YAML:1.0
---
module: 0
image_width: 1456
image_height: 1088
squares_x: 15
squares_y: 15
square_length: 2.9999999329447746e-02
marker_length: 2.3000000044703484e-02
calibration_rms_px: 3.5049191375672478e-01
camera_matrix: !!opencv-matrix
   rows: 3
   cols: 3
   dt: d
   data: [ 7.9225695236291619e+02, 0., 7.4417699697622584e+02, 0.,
       7.9154550325453954e+02, 5.0755592806792856e+02, 0., 0., 1. ]
dist_coeffs: !!opencv-matrix
   rows: 1
   cols: 5
   dt: d
   data: [ -3.4171561029521086e-01, 1.8474339542047874e-01,
       2.0810828285562815e-03, 1.2804567530828694e-03,
       -6.4904539793043114e-02 ]
