%YAML:1.0
---
module: 1
image_width: 1456
image_height: 1088
squares_x: 15
squares_y: 15
square_length: 2.9999999329447746e-02
marker_length: 2.3000000044703484e-02
calibration_rms_px: 8.7268215070927058e-01
camera_matrix: !!opencv-matrix
   rows: 3
   cols: 3
   dt: d
   data: [ 8.0803234340314896e+02, 0., 7.6654057212857117e+02, 0.,
       8.0692829787250093e+02, 5.3145220647014196e+02, 0., 0., 1. ]
dist_coeffs: !!opencv-matrix
   rows: 1
   cols: 5
   dt: d
   data: [ -2.7163223061185965e-01, 8.0342838340986156e-02,
       -7.6712030378998661e-03, 5.9942673690718609e-03,
       -1.0258470990279262e-02 ]
