%YAML:1.0
---
module: 0
image_width: 1456
image_height: 1088
squares_x: 15
squares_y: 15
square_length: 2.9999999329447746e-02
marker_length: 2.3000000044703484e-02
calibration_rms_px: 7.1201964813427643e-01
camera_matrix: !!opencv-matrix
   rows: 3
   cols: 3
   dt: d
   data: [ 8.1021237824752359e+02, 0., 7.2154311679361331e+02, 0.,
       8.0600902245239251e+02, 4.9523041668125347e+02, 0., 0., 1. ]
dist_coeffs: !!opencv-matrix
   rows: 1
   cols: 5
   dt: d
   data: [ -2.9579177745293495e-01, 9.3742099877640178e-02,
       3.9175730540003378e-03, 3.5469148868902487e-03,
       -1.3263459138054847e-02 ]
